[image]

width
640

height
360

[narrow_stereo]

camera matrix
470.394688 0.000000 324.534904
0.000000 474.447304 168.620383
0.000000 0.000000 1.000000

distortion
0.080186 -0.043561 -0.011903 0.004170 0.000000

rectification
1.000000 0.000000 0.000000
0.000000 1.000000 0.000000
0.000000 0.000000 1.000000

projection
488.382858 0.000000 327.049944 0.000000
0.000000 490.521291 164.200765 0.000000
0.000000 0.000000 1.000000 0.000000

('Wrote calibration data to', '/tmp/calibrationdata.tar.gz')
D = [0.08018602735353099, -0.04356146262275728, -0.011902678642634223, 0.004170380415477183, 0.0]
K = [470.39468754564473, 0.0, 324.53490399430416, 0.0, 474.44730374484317, 168.62038264498617, 0.0, 0.0, 1.0]
R = [1.0, 0.0, 0.0, 0.0, 1.0, 0.0, 0.0, 0.0, 1.0]
P = [488.38285805561804, 0.0, 327.0499438398217, 0.0, 0.0, 490.52129084831506, 164.200765027573, 0.0, 0.0, 0.0, 1.0, 0.0]
# oST version 5.0 parameters


[image]

width
640

height
360

[narrow_stereo]

camera matrix
470.394688 0.000000 324.534904
0.000000 474.447304 168.620383
0.000000 0.000000 1.000000

distortion
0.080186 -0.043561 -0.011903 0.004170 0.000000

rectification
1.000000 0.000000 0.000000
0.000000 1.000000 0.000000
0.000000 0.000000 1.000000

projection
488.382858 0.000000 327.049944 0.000000
0.000000 490.521291 164.200765 0.000000
0.000000 0.000000 1.000000 0.000000